
        % countH = 2507448.51 + TbH * 4152.4488
        % countV = 2306412.72 + TbV * 4376.8796
        %tbcalh = (h_half_scan - 2507448.51) / 4152.4488;
        %tbcalv = (v_half_scan - 2306412.72) / 4376.8796;

sH = 4152.4488
sV = 4376.8796

iH = 2507448.51
iV = 2306412.72


% when tbv - tbh? 

%(v_half_scan - 2306412.72) / 4376.8796 - (h_half_scan - 2507448.51) / 4152.4488 > 0 

% cV - (sV / sH) cH = iV - (sV /sH ) * iH 

% sV/sH = 1.054

% iV - (sV /sH ) * iH =  -3.365579125263770e+05

% cV > 1.054 cH - 3.365579125263770e+05










